ldat=[
3 6 1   0.1799   0.0609 0 0 0;
5 8 2   0.2313   0.0783 0 0 0;
1 3 3   0.0714   0.0665 0 0 0;
2 5 4   0.0765   0.0713 0 0 0;
3 4 5   0.0714   0.0665 0 0 0;
5 7 6   0.0867   0.0808 0 0 0;
9 1 7   0.0076   0.0008 0 0 0;
9 2 8   0.0076   0.0008 0 0 0;
];
bdat=[
1 9002 3 0 0   0.0080   0.0060 1 0 0 0 0 0 0 0 .9 1.1 0 0 0 0 0 0;
2 9002 3 0 0   0.0080   0.0060 1 0 0 0 0 0 0 0 .9 1.1 0 0 0 0 0 0;
3 9002 3 0 0   0.0160   0.0120 1 0 0 0 0 0 0 0 .9 1.1 0 0 0 0 0 0;
4 9002 3 0 0   0.0400   0.0300 1 0 0 0 0 0 0 0 .9 1.1 0 0 0 0 0 0;
5 9002 3 0 0   0.0160   0.0120 1 0 0 0 0 0 0 0 .9 1.1 0 0 0 0 0 0;
6 9002 3 0 0   0.0240   0.0180 1 0 0 0 0 0 0 0 .9 1.1 0 0 0 0 0 0;
7 9002 3 0 0   0.0400   0.0300 1 0 0 0 0 0 0 0 .9 1.1 0 0 0 0 0 0;
8 9002 3 0 0   0.0240   0.0180 1 0 0 0 0 0 0 0 .9 1.1 0 0 0 0 0 0;
9 1001 1 0 0 0.0000 0.0000 1 0 0 0 0 0 0 0 1.0 1.0 0 0 0 0 0 0;
];
